ring_dimension = 8192
crt_depth = 5
crt_bits = 51
base_bits = 8
switched_modulus = "107839786668602559178668058954281947786384631344179897883891846873088"
d = 1
input_size = 1
level_width = 1
encoding_sigma = 15.82764821
hardcoded_key_sigma = 14543.8842267772
p_sigma = 15.8276482111
input = [true]
