ring_dimension = 8192
crt_depth = 7
crt_bits = 51
base_bits = 8
switched_modulus = "66749594872528440074844428317798497153582339287684296892996680879793956341833042057046224011264"
d = 1
input_size = 2
level_width = 1
encoding_sigma = 12.918854
hardcoded_key_sigma = 1.0891e35
p_sigma = 12.91885451363
input = [true, false]
