ring_dimension = 8192
crt_depth = 10
crt_bits = 51
base_bits = 8
switched_modulus = "11356855067118857664833184498250070302462965064986363598772727582792147538479484828668626060959904109398664600253928224333183894683648"
d = 1
input_size = 4
level_width = 1
encoding_sigma = 14554095.78617
hardcoded_key_sigma = 1.2285e81
p_sigma = 15.8920614839
input = [true, false, false, false]
